0    0000 0073 0000 0012 000F 000A 0006 000A 0006 0016 0006 000A 0006 0010 0006 0016 0006 0016 0006 000A 0006 000A 0006 000A 0006 0016 0006 0010 0006 0016 0006 000A 0006 000A 0006 000A 0006 000A 0006 0CAF
1    0000 0073 0000 0012 000F 000A 0006 000A 0006 0016 0006 000A 0006 0010 0006 0016 0006 0016 0006 000A 0006 000A 0006 000A 0006 0016 0006 0010 0006 0016 0006 000A 0006 000A 0006 000A 0006 0010 0006 0CA9
2    0000 0073 0000 0012 000F 000A 0006 000A 0006 0016 0006 000A 0006 0010 0006 0016 0006 0016 0006 000A 0006 000A 0006 000A 0006 0016 0006 0010 0006 0016 0006 000A 0006 000A 0006 000A 0006 0016 0006 0CA3
3    0000 0073 0000 0012 000F 000A 0006 000A 0006 0016 0006 000A 0006 0010 0006 0016 0006 0016 0006 000A 0006 000A 0006 000A 0006 0016 0006 0010 0006 0016 0006 000A 0006 000A 0006 000A 0006 001C 0006 0C9D
4    0000 0073 0000 0012 000F 000A 0006 000A 0006 0016 0006 000A 0006 0010 0006 0016 0006 0016 0006 000A 0006 000A 0006 000A 0006 0016 0006 0010 0006 0016 0006 000A 0006 000A 0006 0010 0006 000A 0006 0CA9
5    0000 0073 0000 0012 000F 000A 0006 000A 0006 0016 0006 000A 0006 0010 0006 0016 0006 0016 0006 000A 0006 000A 0006 000A 0006 0016 0006 0010 0006 0016 0006 000A 0006 000A 0006 0010 0006 0010 0006 0CA3
6    0000 0073 0000 0012 000F 000A 0006 000A 0006 0016 0006 000A 0006 0010 0006 0016 0006 0016 0006 000A 0006 000A 0006 000A 0006 0016 0006 0010 0006 0016 0006 000A 0006 000A 0006 0010 0006 0016 0006 0C9D
7    0000 0073 0000 0012 000F 000A 0006 000A 0006 0016 0006 000A 0006 0010 0006 0016 0006 0016 0006 000A 0006 000A 0006 000A 0006 0016 0006 0010 0006 0016 0006 000A 0006 000A 0006 0010 0006 001C 0006 0C96
8    0000 0073 0000 0012 000F 000A 0006 000A 0006 0016 0006 000A 0006 0010 0006 0016 0006 0016 0006 000A 0006 000A 0006 000A 0006 0016 0006 0010 0006 0016 0006 000A 0006 000A 0006 0016 0006 000A 0006 0CA3
9    0000 0073 0000 0012 000F 000A 0006 000A 0006 0016 0006 000A 0006 0010 0006 0016 0006 0016 0006 000A 0006 000A 0006 000A 0006 0016 0006 0010 0006 0016 0006 000A 0006 000A 0006 0016 0006 0010 0006 0C9D
Active    0000 0073 0000 0012 000F 000A 0006 000A 0006 0016 0006 000A 0006 0010 0006 0016 0006 0016 0006 000A 0006 000A 0006 000A 0006 0016 0006 0010 0006 0016 0006 001C 0006 001C 0006 001C 0006 0010 0006 0C72
AV    0000 0073 0000 0012 000F 000A 0006 000A 0006 0016 0006 000A 0006 0010 0006 0016 0006 0016 0006 000A 0006 000A 0006 000A 0006 0016 0006 0010 0006 0016 0006 000A 0006 001C 0006 0016 0006 000A 0006 0C90
Back    0000 0073 0000 0012 000F 000A 0006 000A 0006 0016 0006 000A 0006 0010 0006 0016 0006 0016 0006 000A 0006 000A 0006 000A 0006 0016 0006 0010 0006 0016 0006 000A 0006 0016 0006 0016 0006 0010 0006 0C90
Blue    0000 0073 0000 0012 000F 000A 0006 000A 0006 0016 0006 000A 0006 0010 0006 0016 0006 0016 0006 000A 0006 000A 0006 000A 0006 0016 0006 0010 0006 0016 0006 0010 0006 001C 0006 000A 0006 000A 0006 0C96
Channel Down    0000 0073 0000 0012 000F 000A 0006 000A 0006 0016 0006 000A 0006 0010 0006 0016 0006 0016 0006 000A 0006 000A 0006 000A 0006 0016 0006 0010 0006 0016 0006 000A 0006 0016 0006 000A 0006 0010 0006 0C9D
Channel Up    0000 0073 0000 0012 000F 000A 0006 000A 0006 0016 0006 000A 0006 0010 0006 0016 0006 0016 0006 000A 0006 000A 0006 000A 0006 0016 0006 0010 0006 0016 0006 000A 0006 0016 0006 000A 0006 000A 0006 0CA3
Down    0000 0073 0000 0012 000F 000A 0006 000A 0006 0016 0006 000A 0006 0010 0006 0016 0006 0016 0006 000A 0006 000A 0006 000A 0006 0016 0006 0010 0006 0016 0006 0010 0006 0010 0006 0016 0006 0010 0006 0C90
Fast Forward    0000 0073 0000 0012 000F 000A 0006 000A 0006 0016 0006 000A 0006 0010 0006 0016 0006 0016 0006 000A 0006 000A 0006 000A 0006 0016 0006 0010 0006 0016 0006 000A 0006 0016 0006 0016 0006 000A 0006 0C96
Foxtel    0000 0073 0000 0012 000F 000A 0006 000A 0006 0016 0006 000A 0006 0010 0006 0016 0006 0016 0006 000A 0006 000A 0006 000A 0006 0016 0006 0010 0006 0016 0006 0016 0006 000A 0006 001C 0006 0016 0006 0C84
Green    0000 0073 0000 0012 000F 000A 0006 000A 0006 0016 0006 000A 0006 0010 0006 0016 0006 0016 0006 000A 0006 000A 0006 000A 0006 0016 0006 0010 0006 0016 0006 0010 0006 0016 0006 001C 0006 0016 0006 0C7E
Guide    0000 0073 0000 0012 000F 000A 0006 000A 0006 0016 0006 000A 0006 0010 0006 0016 0006 0016 0006 000A 0006 000A 0006 000A 0006 0016 0006 0010 0006 0016 0006 001C 0006 000A 0006 001C 0006 000A 0006 0C8A
Help    0000 0073 0000 0012 000F 000A 0006 000A 0006 0016 0006 000A 0006 0010 0006 0016 0006 0016 0006 000A 0006 000A 0006 000A 0006 0016 0006 0010 0006 0016 0006 0016 0006 000A 0006 000A 0006 0010 0006 0C9D
Info    0000 0073 0000 0012 000F 000A 0006 000A 0006 0016 0006 000A 0006 0010 0006 0016 0006 0016 0006 000A 0006 000A 0006 000A 0006 0016 0006 0010 0006 0016 0006 000A 0006 000A 0006 001C 0006 001C 0006 0C8A
Left    0000 0073 0000 0012 000F 000A 0006 000A 0006 0016 0006 000A 0006 0010 0006 0016 0006 0016 0006 000A 0006 000A 0006 000A 0006 0016 0006 0010 0006 0016 0006 0010 0006 0010 0006 0016 0006 0016 0006 0C8A
OK    0000 0073 0000 0012 000F 000A 0006 000A 0006 0016 0006 000A 0006 0010 0006 0016 0006 0016 0006 000A 0006 000A 0006 000A 0006 0016 0006 0010 0006 0016 0006 0010 0006 0010 0006 001C 0006 000A 0006 0C90
On Demand    0000 0073 0000 0012 000F 000A 0006 000A 0006 0016 0006 000A 0006 0010 0006 0016 0006 0016 0006 000A 0006 000A 0006 000A 0006 0016 0006 0010 0006 0016 0006 001C 0006 0010 0006 0010 0006 0010 0006 0C8A
Pause    0000 0073 0000 0012 000F 000A 0006 000A 0006 0016 0006 000A 0006 0010 0006 0016 0006 0016 0006 000A 0006 000A 0006 000A 0006 0016 0006 0010 0006 0016 0006 000A 0006 001C 0006 000A 0006 000A 0006 0C9D
Planner    0000 0073 0000 0012 000F 000A 0006 000A 0006 0016 0006 000A 0006 0010 0006 0016 0006 0016 0006 000A 0006 000A 0006 000A 0006 0016 0006 0010 0006 0016 0006 001C 0006 001C 0006 0010 0006 000A 0006 0C84
Play    0000 0073 0000 0012 000F 000A 0006 000A 0006 0016 0006 000A 0006 0010 0006 0016 0006 0016 0006 000A 0006 000A 0006 000A 0006 0016 0006 0010 0006 0016 0006 000A 0006 0016 0006 001C 0006 000A 0006 0C90
Power    0000 0073 0000 0012 000F 000A 0006 000A 0006 0016 0006 000A 0006 0010 0006 0016 0006 0016 0006 000A 0006 000A 0006 000A 0006 0016 0006 0010 0006 0016 0006 000A 0006 000A 0006 001C 0006 000A 0006 0C9D
Record    0000 0073 0000 0012 000F 000A 0006 000A 0006 0016 0006 000A 0006 0010 0006 0016 0006 0016 0006 000A 0006 000A 0006 000A 0006 0016 0006 0010 0006 0016 0006 000A 0006 001C 0006 0010 0006 001C 0006 0C84
Red    0000 0073 0000 0012 000F 000A 0006 000A 0006 0016 0006 000A 0006 0010 0006 0016 0006 0016 0006 000A 0006 000A 0006 000A 0006 0016 0006 0010 0006 0016 0006 0010 0006 0016 0006 001C 0006 0010 0006 0C84
Rewind    0000 0073 0000 0012 000F 000A 0006 000A 0006 0016 0006 000A 0006 0010 0006 0016 0006 0016 0006 000A 0006 000A 0006 000A 0006 0016 0006 0010 0006 0016 0006 000A 0006 0016 0006 0016 0006 0010 0006 0C90
Right    0000 0073 0000 0012 000F 000A 0006 000A 0006 0016 0006 000A 0006 0010 0006 0016 0006 0016 0006 000A 0006 000A 0006 000A 0006 0016 0006 0010 0006 0016 0006 0010 0006 0010 0006 0016 0006 001C 0006 0C84
Set Up    0000 0073 0000 0012 000F 000A 0006 000A 0006 0016 0006 000A 0006 0010 0006 0016 0006 0016 0006 000A 0006 000A 0006 000A 0006 0016 0006 0010 0006 0016 0006 0010 0006 0010 0006 0010 0006 000A 0006 0C9D
Stop    0000 0073 0000 0012 000F 000A 0006 000A 0006 0016 0006 000A 0006 0010 0006 0016 0006 0016 0006 000A 0006 000A 0006 000A 0006 0016 0006 0010 0006 0016 0006 000A 0006 001C 0006 000A 0006 0010 0006 0C96
Up    0000 0073 0000 0012 000F 000A 0006 000A 0006 0016 0006 000A 0006 0010 0006 0016 0006 0016 0006 000A 0006 000A 0006 000A 0006 0016 0006 0010 0006 0016 0006 0010 0006 0010 0006 0016 0006 000A 0006 0C96
Yellow    0000 0073 0000 0012 000F 000A 0006 000A 0006 0016 0006 000A 0006 0010 0006 0016 0006 0016 0006 000A 0006 000A 0006 000A 0006 0016 0006 0010 0006 0016 0006 0010 0006 0016 0006 001C 0006 001C 0006 0C78
